[-0.294155, -0.0106504, 3.95394];[121, 138, 157]
[-0.294155, 0.0187336, 3.94324];[111, 134, 150]
[-0.294155, 0.0390764, 3.79467];[102, 127, 143]
[-0.294155, 0.0413367, 3.96485];[102, 127, 143]
[-0.294155, 0.0435971, 3.95927];[102, 127, 143]
[-0.294155, 0.0458574, 3.94833];[102, 127, 143]
[-0.294155, 0.050378, 3.68657];[102, 127, 143]
[-0.294155, 0.0526383, 3.67002];[101, 124, 140]
[-0.294155, 0.0548986, 3.70099];[100, 123, 139]
[-0.294155, 0.0662002, 3.93727];[96, 118, 130]
[-0.294155, 0.0684605, 3.93199];[83, 105, 117]
[-0.294155, 0.0707208, 3.93193];[134, 156, 168]
[-0.294155, 0.0729811, 3.93187];[88, 110, 122]
[-0.294155, 0.079762, 3.90152];[87, 111, 117]
[-0.294155, 0.143051, 3.76412];[138, 174, 182]
[-0.294155, 0.145311, 3.74708];[148, 177, 191]
[-0.294155, 0.147571, 3.74703];[200, 222, 234]
[-0.294155, 0.231203, 3.7386];[205, 224, 227]
[-0.294155, 0.233463, 3.73535];[169, 184, 186]
[-0.294155, 0.235723, 3.73529];[174, 189, 191]
[-0.294155, 0.237984, 3.73208];[192, 205, 207]
[-0.294155, 0.249285, 3.71644];[226, 227, 223]
[-0.294155, 0.251546, 3.71639];[214, 215, 211]
[-0.294155, 0.253806, 3.71634];[194, 196, 196]
[-0.294155, 0.256066, 3.71629];[181, 189, 196]
[-0.294155, 0.258327, 3.71624];[165, 174, 183]
[-0.294155, 0.260587, 3.71619];[148, 157, 166]
[-0.294155, 0.262847, 3.71914];[140, 149, 158]
[-0.294155, 0.265107, 3.71608];[138, 147, 156]
[-0.294155, 0.330656, 3.72328];[212, 191, 164]
[-0.294155, 0.332917, 3.69442];[220, 215, 194]
[-0.294155, 0.335177, 3.68619];[213, 227, 226]
[-0.294155, 0.337437, 3.68614];[197, 210, 218]
[-0.294155, 0.339698, 3.6888];[235, 238, 242]
[-0.294155, 0.369082, 3.69912];[222, 226, 227]
[-0.294155, 0.371342, 3.69906];[201, 205, 206]
[-0.294155, 0.373602, 3.70178];[6, 10, 11]
[-0.294155, 0.375863, 3.69895];[27, 31, 32]
[-0.294155, 0.380383, 3.7246];[33, 35, 35]
[-0.294155, 0.382644, 3.72452];[61, 61, 61]
[-0.294155, 0.384904, 3.71565];[78, 76, 76]
[-0.294155, 0.387164, 3.6524];[91, 86, 87]
[-0.294155, 0.407507, 3.63595];[94, 96, 96]
[-0.294155, 0.409767, 3.63594];[91, 93, 93]
[-0.294155, 0.412028, 3.63594];[99, 102, 100]
[-0.294155, 0.414288, 3.63593];[254, 255, 251]
[-0.291894, -0.437849, 3.70201];[181, 197, 209]
[-0.291894, -0.435589, 3.70208];[181, 197, 209]
[-0.291894, -0.433328, 3.73337];[181, 197, 209]
[-0.291894, -0.431068, 3.73052];[180, 198, 209]
[-0.291894, -0.428808, 3.73062];[180, 197, 210]
[-0.291894, -0.270586, 3.76627];[183, 197, 209]
[-0.291894, -0.252504, 3.69561];[179, 196, 209]
[-0.291894, -0.250243, 3.69565];[179, 196, 209]
[-0.291894, -0.247983, 3.72816];[179, 196, 209]
[-0.291894, -0.245723, 3.69293];[179, 196, 209]
[-0.291894, -0.243462, 3.69297];[179, 196, 209]
[-0.291894, -0.209558, 3.77217];[180, 194, 206]
[-0.291894, -0.207297, 3.77225];[179, 193, 205]
[-0.291894, -0.205037, 3.76884];[179, 193, 205]
[-0.291894, -0.202777, 3.76546];[179, 193, 205]
[-0.291894, -0.200516, 3.76553];[179, 193, 205]
[-0.291894, -0.173393, 3.95187];[176, 188, 200]
[-0.291894, -0.166612, 3.86472];[173, 185, 197]
[-0.291894, -0.116885, 3.91431];[147, 162, 181]
[-0.291894, -0.114625, 3.89972];[147, 162, 181]
[-0.291894, -0.112364, 3.89982];[147, 162, 181]
[-0.291894, -0.110104, 3.89992];[149, 164, 183]
[-0.291894, -0.107844, 3.89521];[149, 164, 183]
[-0.291894, -0.105583, 3.72483];[150, 165, 181]
[-0.291894, -0.103323, 3.9513];[150, 165, 181]
[-0.291894, -0.101063, 3.95142];[149, 164, 180]
[-0.291894, -0.0965422, 3.75435];[145, 160, 176]
[-0.291894, -0.0942819, 3.75438];[145, 160, 176]
[-0.291894, -0.0920215, 3.89108];[146, 158, 176]
[-0.291894, -0.0897612, 3.89116];[146, 158, 176]
[-0.291894, -0.0852406, 3.70967];[143, 155, 173]
[-0.291894, -0.0829803, 3.96881];[141, 153, 171]
[-0.291894, -0.08072, 3.95238];[135, 150, 169]
[-0.291894, -0.0784597, 3.7685];[134, 149, 168]
[-0.291894, -0.0761994, 3.8822];[134, 149, 168]
[-0.291894, -0.0739391, 3.91113];[133, 148, 167]
[-0.291894, -0.0716788, 3.95275];[132, 147, 166]
[-0.291894, -0.0694184, 3.95284];[129, 146, 165]
[-0.291894, -0.0671581, 3.94218];[128, 145, 164]
[-0.291894, -0.0648978, 3.94226];[127, 144, 163]
[-0.291894, -0.0626375, 3.75823];[127, 144, 163]
[-0.291894, -0.0603772, 3.82176];[126, 143, 162]
[-0.291894, -0.0581169, 3.96982];[125, 142, 161]
[-0.291894, -0.0558566, 3.96431];[123, 143, 161]
[-0.291894, -0.0535963, 3.96438];[123, 143, 161]
[-0.291894, -0.051336, 3.91178];[123, 143, 161]
[-0.291894, -0.0490757, 3.91183];[123, 143, 161]
[-0.291894, -0.0468153, 3.90693];[123, 143, 161]
[-0.291894, -0.044555, 3.91194];[120, 141, 162]
[-0.291894, -0.0422947, 3.917];[120, 142, 160]
[-0.291894, -0.0400344, 3.88775];[120, 142, 160]
[-0.291894, -0.0377741, 3.94301];[118, 141, 157]
[-0.291894, -0.0309932, 3.73833];[118, 138, 156]
[-0.291894, -0.0242122, 3.76202];[118, 138, 156]
[-0.291894, -0.0174313, 3.95965];[119, 139, 157]
[-0.291894, -0.015171, 3.95968];[119, 139, 157]
[-0.291894, 0.0390764, 3.78358];[103, 125, 143]
[-0.291894, 0.0413367, 3.9487];[105, 125, 143]
[-0.291894, 0.0662002, 3.93756];[93, 113, 130]
[-0.291894, 0.0684605, 3.93226];[93, 114, 129]
[-0.291894, 0.0707208, 3.93221];[186, 208, 220]
[-0.291894, 0.0729811, 3.92697];[91, 113, 125]
[-0.291894, 0.0752414, 3.92179];[94, 115, 130]
[-0.291894, 0.143051, 3.76422];[148, 173, 183]
[-0.291894, 0.145311, 3.74716];[160, 184, 196]
[-0.291894, 0.147571, 3.75046];[222, 243, 251]
[-0.291894, 0.231203, 3.73868];[206, 225, 230]
[-0.291894, 0.233463, 3.73543];[170, 185, 187]
[-0.291894, 0.235723, 3.73537];[180, 193, 195]
[-0.291894, 0.237984, 3.73215];[184, 193, 196]
[-0.291894, 0.249285, 3.7165];[219, 221, 221]
[-0.291894, 0.251546, 3.71947];[205, 207, 207]
[-0.291894, 0.253806, 3.71942];[179, 184, 185]
[-0.291894, 0.256066, 3.71936];[170, 179, 188]
[-0.291894, 0.258327, 3.7163];[143, 153, 163]
[-0.291894, 0.260587, 3.71925];[138, 149, 157]
[-0.291894, 0.262847, 3.71619];[138, 149, 157]
[-0.291894, 0.330656, 3.72035];[223, 199, 179]
[-0.291894, 0.332917, 3.69446];[227, 223, 212]
[-0.291894, 0.335177, 3.68622];[214, 223, 226]
[-0.291894, 0.337437, 3.68889];[207, 217, 224]
[-0.291894, 0.339698, 3.69988];[231, 237, 242]
[-0.291894, 0.369082, 3.69916];[221, 225, 226]
[-0.291894, 0.371342, 3.69911];[131, 135, 136]
[-0.291894, 0.373602, 3.70183];[5, 9, 10]
[-0.291894, 0.380383, 3.71586];[39, 39, 39]
[-0.291894, 0.382644, 3.72162];[65, 63, 63]
[-0.291894, 0.384904, 3.72154];[81, 76, 77]
[-0.291894, 0.387164, 3.64295];[89, 83, 84]
[-0.291894, 0.409767, 3.63595];[82, 82, 82]
[-0.291894, 0.412028, 3.63594];[77, 77, 77]
[-0.291894, 0.414288, 3.63593];[195, 193, 193]
[-0.289633, -0.209558, 3.77228];[178, 192, 204]
[-0.289633, -0.207297, 3.7654];[177, 191, 203]
[-0.289633, -0.205037, 3.75865];[177, 191, 203]
[-0.289633, -0.202777, 3.75534];[177, 191, 203]
[-0.289633, -0.200516, 3.74546];[177, 191, 203]
[-0.289633, -0.198256, 3.75548];[177, 191, 203]
[-0.289633, -0.195996, 3.96636];[177, 191, 203]
[-0.289633, -0.175653, 3.96279];[175, 187, 199]
[-0.289633, -0.173393, 3.96299];[174, 186, 198]
[-0.289633, -0.171132, 3.96319];[172, 184, 196]
[-0.289633, -0.166612, 3.84754];[170, 182, 194]
[-0.289633, -0.114625, 3.89995];[145, 160, 179]
[-0.289633, -0.112364, 3.90006];[145, 160, 179]
[-0.289633, -0.110104, 3.87205];[147, 162, 181]
[-0.289633, -0.107844, 3.87213];[147, 162, 181]
[-0.289633, -0.105583, 3.70654];[148, 162, 180]
[-0.289633, -0.103323, 3.94091];[147, 161, 179]
[-0.289633, -0.101063, 3.94103];[146, 160, 178]
[-0.289633, -0.0965422, 3.74437];[143, 157, 175]
[-0.289633, -0.0942819, 3.7579];[142, 156, 174]
[-0.289633, -0.0920215, 3.8505];[142, 156, 175]
[-0.289633, -0.0897612, 3.85057];[142, 156, 175]
[-0.289633, -0.0875009, 3.81336];[140, 154, 173]
[-0.289633, -0.0852406, 3.96903];[138, 152, 171]
[-0.289633, -0.0829803, 3.95804];[136, 150, 169]
[-0.289633, -0.08072, 3.95814];[133, 148, 167]
[-0.289633, -0.0784597, 3.7413];[132, 147, 166]
[-0.289633, -0.0761994, 3.74797];[131, 146, 165]
[-0.289633, -0.0739391, 3.90154];[130, 145, 164]
[-0.289633, -0.0716788, 3.90651];[129, 144, 163]
[-0.289633, -0.0694184, 3.96972];[127, 144, 163]
[-0.289633, -0.0671581, 3.94246];[126, 143, 162]
[-0.289633, -0.0648978, 3.88743];[125, 142, 161]
[-0.289633, -0.0626375, 3.89223];[124, 141, 160]
[-0.289633, -0.0603772, 3.68373];[122, 139, 158]
[-0.289633, -0.0581169, 3.68374];[122, 139, 158]
[-0.289633, -0.0558566, 3.90696];[120, 140, 158]
[-0.289633, -0.0535963, 3.90702];[120, 140, 158]
[-0.289633, -0.051336, 3.90707];[120, 140, 158]
[-0.289633, -0.0490757, 3.91209];[120, 140, 158]
[-0.289633, -0.0468153, 3.91214];[120, 140, 158]
[-0.289633, -0.044555, 3.91721];[117, 138, 160]
[-0.289633, -0.0422947, 3.91726];[117, 138, 159]
[-0.289633, -0.0309932, 3.74503];[119, 139, 157]
[-0.289633, 0.0684605, 3.92735];[93, 114, 129]
[-0.289633, 0.0707208, 3.9273];[147, 169, 181]
[-0.289633, 0.0729811, 3.92724];[81, 103, 115]
[-0.289633, 0.0752414, 3.91699];[89, 110, 125]
[-0.289633, 0.143051, 3.76782];[150, 172, 183]
[-0.289633, 0.145311, 3.74725];[174, 196, 207]
[-0.289633, 0.147571, 3.75733];[226, 248, 254]
[-0.289633, 0.231203, 3.73556];[204, 223, 228]
[-0.289633, 0.247025, 3.71964];[234, 237, 235]
[-0.289633, 0.249285, 3.71958];[213, 218, 217]
[-0.289633, 0.251546, 3.71953];[191, 196, 197]
[-0.289633, 0.253806, 3.71948];[173, 180, 183]
[-0.289633, 0.256066, 3.71641];[144, 152, 159]
[-0.289633, 0.276409, 3.72499];[142, 146, 165]
[-0.289633, 0.278669, 3.72493];[143, 145, 169]
[-0.289633, 0.28093, 3.72487];[142, 149, 158]
[-0.289633, 0.28319, 3.72481];[141, 149, 156]
[-0.289633, 0.289971, 3.63872];[144, 153, 157]
[-0.289633, 0.299012, 3.63869];[139, 151, 157]
[-0.289633, 0.303533, 3.63867];[137, 151, 157]
[-0.289633, 0.323875, 3.72969];[141, 136, 127]
[-0.289633, 0.328396, 3.72347];[190, 171, 150]
[-0.289633, 0.330656, 3.71744];[228, 216, 198]
[-0.289633, 0.335177, 3.6917];[210, 219, 222]
[-0.289633, 0.337437, 3.69998];[213, 221, 228]
[-0.289633, 0.339698, 3.70274];[231, 237, 242]
[-0.289633, 0.366821, 3.70205];[223, 227, 228]
[-0.289633, 0.369082, 3.69921];[220, 224, 225]
[-0.289633, 0.371342, 3.69915];[68, 72, 73]
[-0.289633, 0.373602, 3.70188];[17, 21, 22]
[-0.289633, 0.380383, 3.71591];[40, 40, 40]
[-0.289633, 0.382644, 3.72168];[68, 66, 66]
[-0.289633, 0.384904, 3.7216];[82, 77, 78]
[-0.289633, 0.412028, 3.63595];[77, 77, 77]
[-0.289633, 0.414288, 3.63594];[80, 78, 78]
[-0.289633, 0.416548, 3.63593];[246, 248, 248]
[-0.287373, -0.220859, 3.9533];[177, 193, 206]
[-0.287373, -0.218599, 3.94823];[176, 192, 205]
[-0.287373, -0.202777, 3.74877];[174, 188, 200]
[-0.287373, -0.200516, 3.74555];[174, 188, 200]
[-0.287373, -0.180174, 3.94129];[175, 187, 197]
[-0.287373, -0.177913, 3.9684];[173, 185, 197]
[-0.287373, -0.175653, 3.96861];[172, 184, 196]
[-0.287373, -0.173393, 3.9633];[171, 183, 195]
[-0.287373, -0.171132, 3.9635];[170, 182, 194]
[-0.287373, -0.168872, 3.96369];[169, 181, 193]
[-0.287373, -0.166612, 3.96389];[168, 180, 192]
[-0.287373, -0.121406, 3.62486];[141, 162, 177]
[-0.287373, -0.112364, 3.85436];[144, 159, 178]
[-0.287373, -0.110104, 3.8501];[144, 159, 178]
[-0.287373, -0.107844, 3.85018];[144, 159, 178]
[-0.287373, -0.105583, 3.93062];[144, 158, 177]
[-0.287373, -0.103323, 3.93073];[143, 157, 176]